ID	RA	Dec	SDSS Name
522	171.07768	0.64373	J112418.64+003837.4
947	204.1997	1.15389	J133647.92+010914.0
1115	214.56213	0.89111	J141814.91+005328.0
1137	215.81119	0.97835	J142314.68+005842.0
1221	218.85559	0.33433	J143525.34+002003.6
1977	349.56528	0.26118	J231815.66+001540.2
3189	10.09787	14.61375	J004023.48+143649.4
3261	13.88588	15.77582	J005532.61+154632.9
3318	15.65954	15.16852	J010238.29+151006.6
3439	17.27486	14.75578	J010905.96+144520.8
3465	18.09092	15.01085	J011221.82+150039.0
3504	19.59767	13.62457	J011823.44+133728.4
3505	19.44485	13.32348	J011746.76+131924.5
3509	19.29855	13.34094	J011711.65+132027.3
3519	19.36713	14.70443	J011728.11+144215.9
3524	19.31707	14.62238	J011716.09+143720.5
3645	18.7573	15.4135	J011501.75+152448.6
3819	25.42995	13.67579	J014143.18+134032.8
3821	25.17783	13.5513	J014042.68+133304.6
3880	31.33284	13.25853	J020519.88+131530.7
3962	30.99645	14.31038	J020359.14+141837.3
3977	31.93529	14.0816	J020744.46+140453.7
3981	33.51833	13.19898	J021404.39+131156.3
3985	33.55051	13.4369	J021412.12+132612.8
4017	31.32309	13.50573	J020517.54+133020.6
4030	32.41449	13.98319	J020939.47+135859.4
4037	32.87822	14.30053	J021130.77+141801.9
4038	32.84092	14.50432	J021121.82+143015.5
4039	32.881	14.20067	J021131.43+141202.4
4040	32.91276	14.14176	J021139.06+140830.3
4041	32.90393	14.51257	J021136.94+143045.2
4045	32.88983	13.91716	J021133.55+135501.7
4048	33.08076	13.61269	J021219.38+133645.6
4054	33.40625	13.72813	J021337.50+134341.2
4057	33.58021	13.93647	J021419.24+135611.2
4094	25.86112	13.32028	J014326.66+131913.0
4137	29.21666	13.21278	J015651.99+131246.0
4195	27.27541	14.43075	J014906.09+142550.6
4216	28.96662	14.94026	J015551.98+145624.9
4223	29.30404	14.73546	J015712.97+144407.6
4230	29.29084	14.54988	J015709.80+143259.5
4233	29.28051	14.92878	J015707.32+145543.5
4239	29.56764	14.29665	J015816.23+141747.9
4914	149.1394	1.83584	J095633.45+015009.0
5035	150.46954	3.01132	J100152.69+030040.7
5204	156.96182	2.60946	J102750.83+023634.0
5442	165.13548	2.11607	J110032.51+020657.8
5872	170.64163	3.24391	J112233.99+031438.0
6375	186.86507	3.30213	J122727.61+031807.6
6506	190.78902	3.58119	J124309.36+033452.2
6565	192.40916	2.75561	J124938.19+024520.2
6583	192.73248	3.19703	J125055.79+031149.3
6749	196.96169	3.19466	J130750.80+031140.7
7031	206.69661	2.12005	J134647.18+020712.1
7050	207.29039	2.75321	J134909.67+024511.6
7286	213.63354	3.19026	J141432.05+031124.9
7457	216.80743	2.84683	J142713.78+025048.6
7493	216.83388	2.83838	J142720.13+025018.1
7561	218.39867	2.63871	J143335.68+023819.3
8096	133.22914	3.15234	J085254.99+030908.4
8335	143.87408	3.65504	J093529.77+033918.1
8347	144.74374	4.16128	J093858.50+040940.5
8349	144.97343	3.81395	J093953.62+034850.2
8724	155.62996	4.58243	J102231.19+043456.7
8914	161.00922	4.66301	J104402.21+043946.8
8945	163.3137	4.3342	J105315.29+042003.1
8953	163.17381	4.15387	J105241.71+040913.9
9301	210.82076	4.36317	J140316.98+042147.4
9384	213.791	4.4779	J141509.84+042840.4
9463	216.27293	3.23315	J142505.50+031359.3
9483	215.23561	3.87152	J142056.54+035217.4
9507	215.13684	5.11065	J142032.84+050638.3
9514	215.5405	4.52114	J142209.71+043116.1
9551	216.8849	4.82163	J142732.37+044917.8
9601	218.4643	3.67948	J143351.42+034046.1
9607	217.6819	3.19704	J143043.65+031149.3
9619	217.13878	3.262	J142833.30+031543.1
9704	220.24709	3.13709	J144059.30+030813.5
9814	218.45142	3.95687	J143348.34+035724.7
9917	220.1083	3.59891	J144025.99+033556.0
9948	221.06145	4.21854	J144414.74+041306.7
10019	222.97246	3.36327	J145153.39+032147.7
10218	227.91817	3.67617	J151140.36+034034.2
10358	229.29646	3.3516	J151711.15+032105.7
10367	228.9744	3.05031	J151553.85+030301.1
10404	229.34567	4.21359	J151722.96+041248.9
10447	229.67056	4.41816	J151840.93+042505.3
10813	330.99182	11.90592	J220358.03+115421.2
10817	330.33722	12.1967	J220120.93+121148.1
10827	330.44748	13.20792	J220147.39+131228.5
10831	330.84415	12.64934	J220322.59+123857.6
10836	331.0809	12.96839	J220419.41+125806.2
10841	332.7987	11.80073	J221111.69+114802.6
10844	333.22122	12.36632	J221253.09+122158.7
10850	331.41165	12.4226	J220538.79+122521.3
10872	333.3396	13.43648	J221321.50+132611.3
10884	333.62762	13.07915	J221430.63+130444.9
10885	333.05203	12.20519	J221212.48+121218.6
10889	333.15033	14.01777	J221236.07+140103.9
10942	333.87616	13.67317	J221530.28+134023.4
10943	333.91913	13.60471	J221540.59+133616.9
10944	333.93195	13.71454	J221543.66+134252.3
10948	334.15372	13.25401	J221636.89+131514.4
10949	334.00214	13.14773	J221600.51+130851.8
10950	333.99796	13.45427	J221559.51+132715.3
10952	334.2415	13.54307	J221657.95+133235.0
11015	339.2566	14.40484	J223701.58+142417.4
11016	339.0828	14.31453	J223619.86+141852.3
11019	339.54413	14.44059	J223810.59+142626.1
11071	344.36124	13.00165	J225726.69+130005.9
11086	343.85175	13.24828	J225524.42+131453.8
11087	343.8582	12.9276	J225525.96+125539.3
11112	345.66794	13.32907	J230240.30+131944.6
11120	345.92944	13.92654	J230343.06+135535.5
11126	345.29617	13.15904	J230111.07+130932.5
11132	345.4441	13.53856	J230146.58+133218.8
11223	346.5685	13.98231	J230616.43+135856.3
11270	349.57065	13.57406	J231816.95+133426.6
11295	348.39465	13.98678	J231334.71+135912.3
11297	348.381	14.32742	J231331.44+141938.6
11298	348.37665	14.06391	J231330.39+140350.0
11311	348.12177	13.94226	J231229.22+135632.1
11340	348.31863	14.90436	J231316.47+145415.6
11349	349.6509	15.29966	J231836.21+151758.7
11386	351.5471	14.03003	J232611.29+140148.1
11408	350.61417	13.81586	J232227.40+134857.1
11437	350.56406	14.08073	J232215.37+140450.6
11513	350.66452	15.73483	J232239.48+154405.3
11514	350.86057	15.41956	J232326.53+152510.4
11808	358.2388	15.71246	J235257.31+154244.8
11824	359.4482	15.61368	J235747.57+153649.2
11845	359.18533	13.90986	J235644.47+135435.4
11956	2.08654	15.15601	J000820.76+150921.6
11989	6.49538	13.9294	J002558.89+135545.8
11994	6.49573	14.34799	J002558.97+142052.7
12002	6.2667	14.97091	J002504.00+145815.2
12025	4.89396	16.20418	J001934.54+161215.0
12293	170.12183	4.12838	J112029.23+040742.1
12318	168.68063	4.02452	J111443.35+040128.2
12371	168.27669	5.23417	J111306.40+051403.0
12372	168.2669	5.09616	J111304.05+050546.1
12455	170.07416	4.32036	J112017.79+041913.3
12458	170.3261	3.66474	J112118.26+033953.0
12460	170.2013	3.83918	J112048.30+035021.0
12533	172.8168	4.65244	J113116.03+043908.7
12966	189.13435	6.1696	J123632.24+061010.5
12970	188.97415	5.76106	J123553.79+054539.8
12983	190.13528	5.35554	J124032.46+052119.9
13005	192.85686	3.86654	J125125.64+035159.5
13037	190.81238	4.08389	J124314.97+040502.0
13074	192.89369	5.86356	J125134.48+055148.8
13159	196.35602	3.99159	J130525.44+035929.7
13227	194.9585	5.04756	J125950.03+050251.2
13512	204.05077	4.74009	J133612.18+044424.3
13551	206.2746	3.80428	J134505.90+034815.3
13624	207.96838	3.45502	J135152.41+032718.0
13666	210.0375	4.08078	J140008.99+040450.8
13775	117.98208	27.30297	J075155.69+271810.7
14712	139.74193	5.8884	J091858.06+055318.2
14784	144.84697	6.40167	J093923.27+062405.9
14831	151.37611	5.67207	J100530.26+054019.4
14943	154.00085	6.25145	J101600.20+061505.2
15151	160.71416	5.85989	J104251.39+055135.5
15155	160.22997	5.99141	J104054.93+055930.8
15165	160.42654	6.19592	J104142.37+061145.3
15166	160.3381	6.27898	J104121.14+061644.3
15181	160.01234	6.02058	J104002.96+060114.0
15211	160.10277	6.86048	J104024.66+065137.7
15242	162.57054	6.12259	J105016.92+060721.3
15257	162.02415	6.02067	J104805.79+060114.4
16655	136.16478	5.51205	J090439.54+053043.3
16695	135.31519	4.1181	J090115.64+040705.1
16756	139.32364	6.69766	J091717.67+064151.5
16815	139.63062	6.87317	J091831.34+065223.3
16841	142.90205	6.95239	J093136.49+065708.6
17135	121.92248	25.9253	J080741.39+255531.0
17640	164.87479	8.70921	J105929.94+084233.1
17659	164.53166	9.2761	J105807.59+091633.9
17684	165.1553	10.43721	J110037.27+102613.9
17865	172.33624	8.60233	J112920.69+083608.3
18202	182.89561	9.35192	J121134.94+092106.8
18220	181.40108	10.68703	J120536.25+104113.3
18335	184.72476	10.00282	J121853.94+100010.1
18421	185.027	10.07479	J122006.47+100429.2
18469	188.21457	8.73998	J123251.49+084423.9
18673	148.25748	7.46012	J095301.79+072736.4
18681	148.35237	7.8323	J095324.56+074956.2
18686	148.26093	7.84149	J095302.62+075029.3
18702	147.71494	8.22798	J095051.58+081340.7
18798	153.3736	7.90433	J101329.66+075415.5
18877	155.10483	7.67717	J102025.15+074037.8
18887	155.23145	8.31375	J102055.54+081849.4
18900	155.00674	8.5149	J102001.61+083053.6
19918	129.69577	7.48071	J083846.98+072850.5
19949	135.0461	7.7261	J090011.06+074333.9
19989	133.6068	8.21139	J085425.62+081241.0
20041	138.61545	8.07943	J091427.70+080445.9
20042	138.6836	8.60147	J091444.06+083605.3
20133	143.15244	9.84054	J093236.58+095025.9
20165	143.1332	9.8326	J093231.96+094957.3
20286	148.66438	9.44464	J095439.45+092640.7
20292	148.45512	9.19379	J095349.23+091137.6
20790	227.02043	34.38717	J150804.90+342313.8
22436	139.97726	32.93328	J091954.54+325559.8
22822	147.93713	35.62213	J095144.91+353719.6
22999	155.81842	11.85568	J102316.42+115120.4
23026	156.84157	11.07998	J102721.97+110447.9
23088	156.65042	12.0402	J102636.10+120224.7
23120	158.38593	11.8756	J103332.62+115232.1
23194	158.3893	11.87138	J103333.43+115216.9
23227	159.8048	12.19194	J103913.15+121130.9
23228	159.83344	11.69116	J103920.02+114128.1
23245	160.91283	12.06066	J104339.07+120338.3
23315	160.50311	11.78002	J104200.74+114648.0
23320	160.87476	12.08774	J104329.94+120515.8
23408	163.34319	11.18067	J105322.36+111050.4
23419	162.82713	12.75653	J105118.51+124523.4
23441	163.3176	11.6389	J105316.22+113820.0
23450	164.20244	12.09326	J105648.58+120535.7
23453	164.50122	11.98713	J105800.29+115913.6
23577	167.45541	12.77148	J110949.30+124617.3
23685	170.79846	13.11772	J112311.63+130703.7
24094	185.12575	11.34094	J122030.18+112027.3
24149	183.48438	13.67646	J121356.24+134035.2
24168	184.05154	13.43762	J121612.36+132615.4
24183	184.43379	13.17104	J121744.10+131015.7
24366	189.91194	12.41888	J123938.86+122507.9
24426	189.09468	13.60287	J123622.72+133610.3
24496	169.54129	7.78165	J111809.91+074653.9
24741	184.46172	8.43028	J121750.81+082549.0
24973	218.82655	35.11868	J143518.37+350707.2
25154	196.23924	12.07907	J130457.41+120444.6
25214	198.13673	11.72896	J131232.81+114344.2
25327	203.10098	11.10636	J133224.23+110622.8
25347	202.5798	11.51181	J133019.15+113042.5
25448	202.51624	12.17519	J133003.89+121030.6
25752	135.35239	10.20017	J090124.57+101200.6
25763	135.79688	10.15197	J090311.24+100907.1
25844	139.99895	10.10883	J091959.74+100631.7
25852	139.51881	10.8857	J091804.51+105308.5
26040	148.40462	12.12926	J095337.10+120745.3
26056	147.53003	12.74613	J095007.20+124446.0
26151	149.78651	13.05936	J095908.76+130333.6
26221	154.15997	12.57738	J101638.39+123438.5
26311	155.78993	12.23953	J102309.58+121422.2
26320	155.66132	12.0883	J102238.71+120517.8
26368	154.92207	12.84298	J101941.29+125034.7
26570	159.7746	13.36487	J103905.90+132153.5
26598	158.45827	12.87836	J103349.98+125242.0
26602	158.44756	12.73282	J103347.41+124358.1
26629	160.08652	13.47013	J104020.76+132812.4
26639	160.19188	13.78331	J104046.05+134659.9
26650	122.26162	6.62621	J080902.78+063734.3
26822	192.87112	13.78182	J125129.06+134654.5
26958	236.7264	5.89121	J154654.33+055328.3
27167	9.84028	14.46986	J003921.66+142811.5
28143	189.29752	8.6583	J123711.40+083929.8
28168	190.22902	8.05645	J124054.96+080323.2
28365	235.34412	28.22975	J154122.58+281347.1
28461	191.59448	11.87661	J124622.67+115235.7
29487	239.47736	9.40994	J155754.56+092435.7
29555	160.43985	13.89803	J104145.56+135352.9
29594	161.6652	14.11318	J104639.64+140647.4
29596	161.76176	14.26335	J104702.82+141548.0
29624	165.20973	13.59763	J110050.33+133551.4
29699	167.07643	13.22432	J110818.34+131327.5
29842	170.38234	13.42661	J112131.76+132535.7
29871	173.05179	13.49246	J113212.42+132932.8
29892	172.44315	15.33364	J112946.35+152001.1
29898	172.95416	15.89748	J113149.00+155350.9
30175	184.01112	14.18939	J121602.67+141121.8
30332	185.80109	14.38896	J122312.26+142320.2
30338	185.83159	14.30374	J122319.58+141813.4
30439	188.54295	15.96822	J123410.30+155805.5
30471	189.47166	14.28131	J123753.20+141652.7
30479	189.28362	14.40748	J123708.06+142426.9
30508	194.85928	14.34169	J125926.22+142030.0
30746	212.2854	6.18023	J140908.49+061048.8
30811	214.69038	5.83466	J141845.69+055004.7
31156	239.46674	4.26231	J155752.01+041544.3
31188	210.8	34.6846	J140312.00+344104.5
31592	118.63245	16.8073	J075431.78+164826.2
31775	119.17437	17.99118	J075641.84+175928.2
32257	127.43484	22.42441	J082944.36+222527.8
32308	129.8935	25.47711	J083934.43+252837.6
32568	134.74075	28.90168	J085857.78+285406.0
32619	136.2499	28.34773	J090459.97+282051.8
33039	142.6111	27.77556	J093026.66+274632.0
33737	149.71388	32.07308	J095851.33+320423.0
34723	162.89203	30.20608	J105134.08+301221.8
35649	205.01302	29.1373	J134003.12+290814.2
35981	208.28484	35.71403	J135308.35+354250.5
36169	118.63381	16.8042	J075432.11+164815.1
38462	213.94145	10.43886	J141545.94+102619.8
38472	214.03654	10.59552	J141608.76+103543.8
38591	214.41882	10.58333	J141740.51+103459.9
38717	222.3722	9.07921	J144929.32+090445.1
38748	222.24738	9.50477	J144859.36+093017.1
38758	221.93129	9.53817	J144743.50+093217.4
38809	221.58437	10.52219	J144620.24+103119.8
38964	225.56815	11.91758	J150216.35+115503.2
39119	227.35878	10.28844	J150926.10+101718.3
39270	228.08595	9.34993	J151220.62+092059.7
39465	230.1196	8.28517	J152028.70+081706.6
39548	231.3438	9.7312	J152522.51+094352.3
39567	231.94762	9.62491	J152747.42+093729.6
39595	231.81969	10.04452	J152716.72+100240.2
39605	231.49934	9.79016	J152559.84+094724.5
39606	231.81975	9.76774	J152716.73+094603.8
39607	231.7762	9.79621	J152706.28+094746.3
40024	203.4092	13.23601	J133338.20+131409.6
40247	209.92757	12.73683	J135942.61+124412.5
40257	209.67596	13.45636	J135842.23+132722.9
40317	208.89052	14.76465	J135533.72+144552.7
40439	196.06268	9.22346	J130415.04+091324.4
40494	194.26875	10.62072	J125704.49+103714.5
40500	194.7962	10.50168	J125911.09+103006.0
40570	197.7706	8.80787	J131104.94+084828.3
40781	199.89294	10.45487	J131934.30+102717.5
41323	214.59361	8.0975	J141822.46+080551.0
41728	221.14305	8.9371	J144434.33+085613.5
41743	225.51709	6.82303	J150204.10+064922.9
41783	224.37889	8.39066	J145730.93+082326.3
41869	227.33958	7.07773	J150921.50+070439.8
41904	226.32452	8.15355	J150517.88+080912.7
41969	228.88145	6.37038	J151531.54+062213.3
41974	229.49294	6.74595	J151758.30+064445.4
42013	229.01863	6.84763	J151604.47+065051.4
42020	228.8186	6.65515	J151516.46+063918.5
42025	228.78146	7.02125	J151507.55+070116.5
42140	228.88321	7.47475	J151531.97+072829.0
42141	229.07976	7.16234	J151619.14+070944.4
42167	229.7236	7.57592	J151853.66+073433.3
42174	229.57166	7.13251	J151817.19+070757.0
42191	223.51558	30.84625	J145403.73+305046.4
42402	237.85509	25.76084	J155125.21+254539.0
44710	207.98705	29.31239	J135156.88+291844.6
44718	207.64362	29.37289	J135034.46+292222.4
44892	209.03877	25.19546	J135609.30+251143.6
44942	210.52461	26.06089	J140205.90+260339.1
47221	237.26115	17.94044	J154902.67+175625.5
48369	167.80421	28.7119	J111113.01+284242.8
48521	169.41214	26.58502	J111738.91+263506.0
48604	171.94283	26.9596	J112746.27+265734.5
50550	190.36674	28.7912	J124128.01+284728.3
51025	199.44	26.48633	J131745.60+262910.7
51161	201.3449	27.24909	J132522.77+271456.7
51276	118.5187	13.95411	J075404.48+135714.7
51336	119.07128	14.60269	J075617.10+143609.6
51416	118.99982	12.98147	J075559.95+125853.2
51563	121.17628	15.77574	J080442.30+154632.6
51580	121.01604	15.08846	J080403.84+150518.4
52297	134.35014	20.71053	J085724.03+204237.9
55541	158.1958	21.21564	J103246.99+211256.3
56304	121.3921	10.3934	J080534.10+102336.2
56312	121.23475	10.43918	J080456.34+102621.0
56319	120.84485	9.96273	J080322.76+095745.8
56320	120.92614	10.03327	J080342.27+100159.7
56375	119.33214	11.20606	J075719.71+111221.8
56486	131.36922	14.57379	J084528.61+143425.6
56509	132.68866	11.81083	J085045.27+114839.0
56612	135.78226	13.69707	J090307.74+134149.4
56632	136.15446	13.55411	J090437.07+133314.7
56650	135.78418	13.51777	J090308.20+133103.9
56662	135.72888	13.6607	J090254.93+133938.5
57017	140.622	14.46205	J092229.28+142743.3
101000	27.22137260437	13.423945426941	J014853.13+132526.1
101004	20.377769470215	14.504983901978	J012130.66+143017.9
101007	20.288898468018	15.694773674011	J012109.32+154140.9
101021	19.223274230957	0.15312722325325	J011653.59+000911.3
101025	18.655757904053	1.1814939975739	J011437.36+011053.4
101030	27.015018463135	12.93461894989	J014803.60+125604.6
101037	24.404718399048	0.040174420922995	J013737.13+000224.7
107026	118.63758087158	29.710783004761	J075433.00+294238.7
108006	125.60803222656	4.1632528305054	J082225.92+040947.7
108016	128.48606872559	26.972661972046	J083356.65+265821.5
108019	122.55074310303	22.772291183472	J081012.17+224620.2
108021	133.82807922363	27.346164703369	J085518.73+272046.2
108026	128.01458740234	24.010917663574	J083203.49+240039.2
108029	122.81633758545	25.17936706543	J081115.92+251045.7
108045	124.77126312256	21.791400909424	J081905.10+214729.0
108050	124.8324508667	21.058851242065	J081919.78+210331.8
108051	134.01658630371	13.422026634216	J085603.98+132519.2
108054	134.9543762207	5.0608525276184	J085949.04+050339.0
108064	126.53099060059	21.456708908081	J082607.43+212724.1
108072	124.88379669189	21.394304275513	J081932.11+212339.4
108080	120.393699646	9.3048515319824	J080134.48+091817.4
108093	128.87576293945	23.676208496094	J083530.18+234034.3
108094	130.7349395752	13.641590118408	J084256.38+133829.6
108101	126.75582122803	21.70677947998	J082701.39+214224.3
108103	125.14373016357	21.105493545532	J082034.49+210619.7
108106	122.52916717529	18.638355255127	J081006.99+183818.0
108111	120.31920623779	9.2648181915283	J080116.60+091553.3
108113	124.60739135742	29.95955657959	J081825.78+295734.3
108114	124.85119628906	21.003562927246	J081924.28+210012.8
108129	123.06176757812	35.157051086426	J081214.82+350925.3
108142	124.81607818604	19.313241958618	J081915.85+191847.6
108144	121.57968139648	17.594772338867	J080619.13+173541.0
108147	123.8475189209	28.735349655151	J081523.41+284407.2
108148	130.71951293945	25.070413589478	J084252.67+250413.4
109005	143.77418518066	9.649227142334	J093505.80+093857.1
109006	146.92558288574	9.1610546112061	J094742.13+090939.7
109010	143.51132202148	9.4792041778564	J093402.71+092845.1
109011	146.39772033691	4.4105916023254	J094535.44+042438.1
109014	136.32641601562	18.442203521729	J090518.33+182631.9
109018	137.34393310547	15.613663673401	J090922.53+153649.1
109021	139.2416229248	6.7150859832764	J091657.98+064254.2
109022	136.16386413574	18.257371902466	J090439.32+181526.5
109028	141.87004089355	3.9296011924744	J092728.80+035546.5
109031	141.31617736816	11.596884727478	J092515.88+113548.7
109038	135.8187713623	18.261079788208	J090316.49+181539.8
109045	141.31427001953	10.886727333069	J092515.42+105312.1
109050	149.6509552002	13.255275726318	J095836.22+131519.0
109057	140.06504821777	1.2888157367706	J092015.60+011719.7
109058	148.01583862305	19.651123046875	J095203.79+193904.0
109059	142.37980651855	23.893579483032	J092931.14+235336.8
109060	137.77322387695	9.3495559692383	J091105.57+092058.4
109066	137.34864807129	22.513935089111	J090923.67+223050.1
109072	145.13262939453	28.969331741333	J094031.83+285809.5
109077	147.82650756836	9.1392316818237	J095118.35+090821.2
109081	149.1770324707	15.63648223877	J095642.48+153811.2
109088	149.72221374512	15.379946708679	J095853.32+152247.7
109092	144.51098632812	27.656574249268	J093802.63+273923.5
109097	144.6435546875	8.8878993988037	J093834.45+085316.5
109100	146.62925720215	15.886324882507	J094631.02+155310.7
109101	136.02024841309	22.061576843262	J090404.85+220341.6
109102	140.31439208984	3.1510901451111	J092115.44+030904.0
109103	144.16973876953	2.7035501003265	J093640.73+024212.8
109106	148.46453857422	13.615106582642	J095351.47+133654.4
109108	146.08094787598	9.9847888946533	J094419.42+095905.1
109109	148.16886901855	25.08953666687	J095240.51+250522.2
109112	141.53456115723	34.895393371582	J092608.29+345343.4
109122	146.59425354004	9.1652297973633	J094622.62+090954.7
109126	143.74613952637	25.825677871704	J093459.07+254932.3
109139	139.16580200195	7.2663769721985	J091639.78+071559.0
110007	161.70562744141	18.03108215332	J104649.34+180151.8
110013	154.30299377441	13.192053794861	J101712.71+131131.3
110017	158.91377258301	28.565807342529	J103539.30+283356.8
110038	150.56787109375	19.215658187866	J100216.28+191256.3
110040	156.28721618652	13.601398468018	J102508.93+133605.1
110041	159.91264343262	25.322738647461	J103939.03+251921.8
110054	161.01025390625	22.257541656494	J104402.45+221527.1
110055	158.85459899902	3.2944309711456	J103525.11+031740.0
110059	159.80477905273	31.114025115967	J103913.14+310650.4
110063	163.80258178711	5.8625597953796	J105512.61+055145.3
110080	154.65547180176	3.2636070251465	J101837.31+031548.9
111024	176.0964050293	16.55126953125	J114423.13+163304.5
111027	179.3611907959	25.233079910278	J115726.68+251359.0
111031	173.51626586914	2.9734404087067	J113403.90+025824.3
111035	167.68838500977	12.016142845154	J111045.21+120058.1
111047	175.72471618652	0.16186048090458	J114253.92+000942.7
111054	178.0108795166	25.751119613647	J115202.60+254504.0
111057	177.13519287109	12.705292701721	J114832.44+124219.0
111063	179.60595703125	25.097650527954	J115825.42+250551.5
111067	172.4091796875	9.9675903320312	J112938.20+095803.3
111070	177.58407592773	25.961868286133	J115020.17+255742.6
111079	174.25790405273	15.570610046387	J113701.89+153414.1
111086	174.81137084961	14.992425918579	J113914.72+145932.7
111088	178.57403564453	32.860996246338	J115417.76+325139.5
111090	176.55145263672	10.595534324646	J114612.35+103543.9
111091	178.74391174316	26.202508926392	J115458.53+261209.0
111093	171.91311645508	23.757936477661	J112739.14+234528.5
112011	194.90618896484	28.166137695312	J125937.48+280958.0
112014	181.13412475586	2.4531247615814	J120432.18+022711.1
112016	193.34034729004	26.361423492432	J125321.67+262141.1
112035	194.77206420898	27.644432067871	J125905.29+273839.8
112038	189.42152404785	27.12956237793	J123741.16+270746.4
112050	192.17092895508	34.477607727051	J124841.02+342839.3
112065	180.28346252441	15.398248672485	J120108.03+152353.6
112068	181.04057312012	1.8259764909744	J120409.74+014933.4
112079	181.36470031738	1.9481346607208	J120527.52+015653.2
112089	192.6109161377	26.735334396362	J125026.62+264407.1
112090	180.59382629395	29.861770629883	J120222.52+295142.3
112106	180.90391540527	2.6304657459259	J120336.93+023749.7
112112	186.4172668457	20.528469085693	J122540.14+203142.4
112116	194.02542114258	27.678108215332	J125606.09+274041.1
113003	208.5260925293	5.3563561439514	J135406.26+052122.8
113004	195.3067779541	27.91427230835	J130113.62+275451.3
113005	206.62339782715	3.878312587738	J134629.60+035241.8
113008	209.23089599609	14.142251968384	J135655.41+140832.0
113010	208.27262878418	15.844551086426	J135305.42+155040.3
113011	209.7766418457	17.934713363647	J135906.39+175604.9
113024	200.92323303223	31.646314620972	J132341.57+313846.7
113062	200.39549255371	26.304666519165	J132134.91+261816.7
113067	209.51959228516	15.314831733704	J135804.69+151853.4
113091	207.7048034668	17.282093048096	J135049.14+171655.4
113098	198.39698791504	29.126529693604	J131335.27+290735.4
113100	195.14866638184	27.574241638184	J130035.67+273427.2
113110	199.97648620605	31.23496055603	J131954.35+311405.8
113114	196.65902709961	28.848466873169	J130638.16+285053.9
113118	204.62380981445	30.986873626709	J133829.70+305912.8
113122	209.68922424316	20.661874771118	J135845.41+203942.6
113124	200.71282958984	31.825933456421	J132251.07+314934.3
113128	195.07823181152	27.937051773071	J130018.77+275613.3
113136	206.75512695312	33.89359664917	J134701.25+335336.9
113137	196.53480529785	30.209270477295	J130608.35+301233.3
113141	197.8819732666	8.7432041168213	J131131.65+084435.5
113150	209.66091918945	7.2165174484253	J135838.59+071259.4
114008	217.05332946777	25.830526351929	J142812.79+254949.8
114010	217.19442749023	27.25066947937	J142846.66+271502.4
114021	216.09657287598	13.798441886902	J142423.17+134754.3
114041	215.92660522461	34.009014129639	J142342.38+340032.4
114046	213.67051696777	13.378170967102	J141440.92+132241.4
114048	217.23251342773	25.737632751465	J142855.80+254415.4
114072	210.94343566895	14.868104934692	J140346.42+145205.1
114090	217.19761657715	13.82119846344	J142847.42+134916.3
114096	216.47827148438	25.768014907837	J142554.79+254604.8
114113	210.79104614258	12.170401573181	J140309.85+121013.4
114115	212.1365814209	3.0242969989777	J140832.78+030127.5
114117	216.5724029541	15.686044692993	J142617.37+154109.7
114121	215.20436096191	25.958810806274	J142049.04+255731.7
114127	214.39115905762	25.114465713501	J141733.87+250652.0
114136	216.87057495117	29.951950073242	J142729.01+295707.2
114137	210.50053405762	10.830598831177	J140200.07+104950.1
114141	210.18188476562	31.894172668457	J140043.62+315338.0
114144	217.14903259277	25.708881378174	J142835.76+254231.9
122000	339.8410949707	13.882287025452	J223921.87+135256.2
122002	340.29440307617	13.339900016785	J224110.65+132023.6
122005	335.19723510742	14.23464012146	J222047.32+141404.4
122006	343.24398803711	1.142592549324	J225258.56+010833.8
123001	351.79251098633	15.017227172852	J232710.20+150102.0
123006	348.44610595703	13.687614440918	J231347.06+134115.3
123008	356.7160949707	14.480696678162	J234651.87+142850.4
123010	349.4016418457	14.001197814941	J231736.39+140004.3
124000	5.932774066925	14.306722640991	J002343.86+141824.2
124003	7.4099164009094	0.41037371754646	J002938.37+002437.3
124004	6.3933749198914	0.84684705734253	J002534.40+005048.7
124006	4.9472131729126	0.59079486131668	J001947.33+003526.7
124010	5.9974722862244	15.770445823669	J002359.39+154613.5
124012	1.6220773458481	14.182368278503	J000629.28+141056.5
124027	13.116319656372	14.518287658691	J005227.91+143106.0
124028	1.5099757909775	14.417464256287	J000602.41+142502.8
